0000100000000000
1010000100000000
2010100000000000
2110100000000000
2200100001000000
3000101010000000
3011200000000000
3200200000100000
3201200010000000
3210200110000000
3211210010000000
3220210010000010
3301210010001000
4100210010001010
4210201020000000
4220300000100000
4300310010000000
4300310010000000
0000400033101100
4310310010000100
4310320010100000
4310320020100000
4320320020000010
4320321020001000
4001300023201210
4321321020001100
4321321021001010
4321321121002000
4322321031000010
4322422001000010
4330430010101000
4400430020001100
5000431020002000
5310400030100000
5320400030010000
5321400030100000
5321401030100000
5321402030100000
5331401030001000
5410410030101000
5410410031011000
5411420130001000
5420421030101000
5420421031001001
5421421031011000
5422421031001010
5430421031012000
5431421031012000
5432421031002100
5432421032012000
5432431130012000
5432431231002000
5433431031002100
5440431131002100
5500432031002101
6000432031002201
6321410032002001
6322410032002010
6330410032012100
6400411032102100
6421410032002100
6400411032002121
6400421032002121
6411432031102000
6420432032002010
6430431032102000
6430432032002001
6431432032002100
6400430032312121
6432432032002101
6432432132002101
6432432232002101
6433432132002110
6440432132002201
6442432033002001
6442442130102000
6542402130102100
6542412130112000
6542412230102100
6542413031002110
6542423031112000
6542423032112000
6542433130112000
6542501032012000
6542015103210002
6542151032112000
6642122130002001
7420131030102100
7420132031012000
7431130031002100
7431130032002001
7432130032002010
7432001301320021
7432011300321021
7432230032101210
7432102303210121
7432123132101210
7442132132001001
7520132132002001
7532130032002001
7532130132002100
7532131032002101
7532131132102100
7532132132012100
7532132232002110
7533132032102110
7540132032102201
7541132033102001
7542142030112000
7542142131102000
7542142132102000
7542142103211002
7542243303000010
7542244030101000
7542250131001000
7642210130001001
7642220030012000
7642300031002010
7642411020010000
7642420021010000
7642420022000001
7642420031001000
7000461032001142
7000461032002421
7611422034002010
7620431034002100
7601430034202110
7610430134202200
7610431034203100
7631430044000100
7631530004001100
7631530040002001
7631530040012100
7631530041002101
7000560043102232
7000560043104201
7000560043104211
7621530052010000
7622630102000000
7630631020100000
7630631021000001
7630631021001100
7000660023301211
7000700024011220
8421220010000010
8421300010001010
8421310010002000
8100300014002121
8121340011002001
8121340020012100
8122340131000000
8122440111000000
8130511020000000
8130520020100000
8130520021000001
8131520021001000
8001510022001131
8110510030002310
8220530030102000
8300530031002001
8100500034002101
8100500034002201
8110500034003100
8111540041000000
8210541041000000
8220540041010000
8301540042000000
0000830054104201
8311540142000000
8320541042000100
8320541042011000
8000531044201211
8010531052001220
8330630010000010
8400630110001000
8401630021000000
8410630021000010
8410631021001000
8000640123001120
8000641023003100
8410630121003000
8410631021013000
8410631022003001
8411631030003100
8421630041010000
8421630042010000
8421630042110000
8421630042201000
8421630043001010
8421641040001100
8521611040001010
8521620040002100
8521620041002010
8521620141002100
8522620042002010
8530620042002110
8530620042002201
8531630042102000
8531631042102000
8531632042002100
8500631042302121
8511633042212100
8520641043102100
8520642043012100
8521642043102100
8531641143002100
8532641043102100
8532642043002110
8532642043002201
8532642043003101
8510640043323121
8511640050203121
8520640052103121
8521641052203101
8521641153003200
8521642053003210
8531641053003201
8532641053003210
8532642053013200
8532642153003201
8532642253003201
8533642153003210
8540642153003211
8510644053203212
8510650153203212
8001661053213212
8110710053213212
8211732252103010
8220733152103100
8310741052103100
8320741052013100
8321741052103100
8321742152003100
8332740152003100
8421741052003100
8100750052203111
8100750053103210
8120751053003200
8120751053003200
8101750053203210
8121751053003201
8121751053003211
8100750053103232
8112753053003201
8300753053003211
8300753053103220
8310753053103300
8311753053104000
8321753053104000
8010732055304311
8100732063004321
8131740063004100
8101740063004131
8132740163004100
8132741163004100
8132742163004100
8101740063324121
8131742263014101
8131743063114200
8131743163204200
8142742063014200
8142742063104201
8142742163104210
8142742163204210
8101744063324211
8200750164204220
8210751064204300
8200750164204320
8201750064004331
8210750064105010
8001720065105420
8110720065105420
8201720065105420
8000730065115421
8010730065105422
8100731065105430
8100730065205431
8121733065105400
8100732065315411
8100732165315420
8100732165305422
8101732165305430
8100731065205442
8100731065216020
8111733075100000
8111833005110000
9112033005100001
9300400051101000
9310410050001100
9311420050001000
9320420150001000
9320421051001000
9000430052211110
9000431053102100
9420410050002100
9000410054002220
9120440052002001
9120500152002100
9121620021010000
9121620022000010
9121621030001000
9100600031201211
9110600031201220
9200601031201300
9210612133001000
9210612141001000
9000600040111321
9312602040001100
9312620040012000
9312620141002000
9312621041012000
9312621042002010
9322631040002001
9422601140012000
9430620141002000
9430621041002010
9430621041102100
9000610044302320
9010610053002320
9110642150002000
9210642150002000
9211642050002100
9220642050012100
9301642051002100
9001630054002221
9100630154003210
9100630054013211
9100630054103221
9100630054114010
9001610053004421
9100610053015210
9211630062000100
9211730002000110
9220730020012000
0010000000000000
0001000000000001
0002000000001000
0012000000000001
0012000100000001
1012000200000000
1013000000010000
1013000110000000
0023000100010010
0023001200001000
0000000010231012
0000000011230022
0000000002230103
0000001002000124
0000000101020124
0221000201040000
0010000102020124
0011000100030124
0000000201130124
0001000200230124
0131000210030004
1131000200130004
0001000201331114
0001000201140124
0000010100120225
1000000200120035
0010000000000000
0002000000000000
0000100000000000
0000000100000001
0000000000000012
0012000000100000
0022000000100000
0003001000010000
0003000100110000
0013000200000001
0013000200010001
0013000201020000
0113000300100000
0124000000000100
0001000000000224
0011000000000034
0002000100000034
0001000200010034
0131000200010004
0131000200010004
0001001200010134
1001000200110134
0002000200120134
0100000200130134
0212003310040000
0000000201131234
0100000200231234
0001010200231234
0011001200231234
0001012200231234
0001000211331234
0101000201032244
0002000200130135
1000000300130135
0010000000141135
0001000000141235
0010000100141235
0001001100141235
1000000200241235
0001010200241235
1001001200241235
2211002200341005
0123000300340015
0126003000100100
1126000300010001
1126000300020001
0226001300020001
0036001300021001
0006000300321111
1006000300320022
1036012300030000
1136002401000000
0236002410010000
0236102400020000
0236012400021000
0236112400020001
0236022400021001
0236003400021002
0000000610041243
2246000410030000
0346000400131000
0346000410130001
0006001400431311
1316014400130001
1316001500130101
1316001500130012
1326002500130002
1326002500130002
0006000501331312
0006000510141312
0106000500042322
0016000500041024
1016002501050000
1116002601000000
1217002010000000
0000100000102227
0000001100010237
0010000000120237
0001001000120237
0000000100221237
0000000101031237
1000000100131237
0001001100131237
0100000200231237
0001001200231237
1211012200330007
0013101300040007
0000010400041027
1000000000051127
0101000000050227
0002000000051037
0000000201051037
0010000200150137
0001000210150137
0101000200250137
0221003200150007
0031003201150007
0001000200451117
0101000200450127
0002001200450127
0000101300450127
0000002300451127
0010002300450227
0001012300450037
0121004300350017
0121004300350017
0121004300350117
0121014300350027
0021014300350227
0121014300350037
0001010300250257
0121025300051007
1121025300050017
0101002301551217
0002002301161217
1122122300060007
0023010400060017
0123001400061007
1123001400060107
1223001400060017
0114001400060017
0010000500160127
0001000501160127
0211002501060007
0003002500161007
1023001510060007
0123001510160007
1123002500060107
1233000500061007
0124000510060017
1124001510060007
0224011500160007
0034002510160007
0034002510260007
1034003500060017
1144001500060007
0025001501060007
1000000600260117
0100000000271117
1000000000201218
1001000000021218
0000100100022218
0010000200020318
0010000000030328
0001010000030328
0000000111030328
0000001100230328
0000000201230328
0000010201030338
0100001200130048
0000000210230148
0000100201230148
0000000201231248
1122024300180000
0000012201431218
0010001301431218
1000002001441218
0001000201151218
0101000201051228
1321010200050008
0001001203051128
1311012210050008
0132001300150108
0002001300350228
0212103300250008
0212001400251008
1232100400050008
2232000401050008
0332000410150008
0042000410250008
0102000400451028
0012000410450128
1112014400250008
0103001510250008
0010000300161128
1001000300160228
1211102300060008
0013012300060108
0000001400160228
0010001400160038
1000001400260038
0001001400261038
1011012400360008
0012012410360008
1112002401360008
0103002401360108
0223013401060008
0033013401160008
0004013400261008
0010000500361128
0001010500360228
0001001501360038
0101000500160148
0211004510060008
0003104500160008
0003014501160008
0003014500260018
0003004500261118
0013004500260128
0003001501460138
0003011500460238
0013002500460238
0213002500461038
0013102500461238
0013002501462238
0013012501460338
0013012511460048
0003101500261258
1003002500261258
2233005500061008
0034000600060118
0000100400370118
0000011400370028
0000002410370028
0000012400371028
0100012400370128
0001012401370128
0101002401370228
0002002401370138
0222004400070018
0023010500070018
0123001510070008
1123001501070008
0223001500170108
0033011500170018
0014002500170018
0014002500271008
1014003501070008
0024003500171008
1024003501170008
0124003501270008
0224003510270008
0034003501271008
1144002510070008
0125002500170008
0000010600370118
0000001610370028
0000001600371128
0100001600370228
0001001600371038
1011004600070108
0012004600070118
0112014600170008
0022014601170008
0003014600270018
1003004600270118
0013004600271028
1013004600371008
0023014600370018
0123004600370118
0223014600370018
1033014600370018
1014014600370018
1114004610370018
0124004611370018
1224104600370018
1134014600370018
1234004610370018
2234004600371018
0334004601370028
0044004611370028
0005004612370028
1245003610270008
1245103601270008
2245013600270018
0345013600271018
0145003603271118
0145003603271128
1145033601370108
0245004601371018
1255013601170008
0126013601270008
0000102701370228
0000102001381228
0000002011302229
0100000200230239
0011000200230239
1211002200330009
0013000301040009
0100000400040119
1000000000050219
0001000001050219
0010000101050219
0101000100150219
0002010100150219
0002001101050229
0002000201150039
0100000300150139
0011000300150139
0012000300150139
0122003300050109
0013100400050019
0003000400051129
0003000401050229
0003000400151039
1013103400050009
0023013400050109
0223103400050009
0033013400050019
0003000400451119
0003100400450129
0003011400450129
1213004400250009
1213000510250009
0100000300162229
1001000300160239
1211003300160009
1013000400160009
1023000401060009
1123000401060009
0223001400160009
0033001400161009
0004001400160119
0000000500161129
0001000500160229
0001000500160139
0111003500061009
0112003500060019
0022003500060119
0003003500160029
0033001501260009
0004011501260009
0004002511260009
1134000500060109
0234000500160019
0234002500060109
0234002500160019
1234002500260009
1234003500060109
1244010500060109
0125001500061019
0010000600061139
0000000001171139
0000000010270239
0000000011270239
0100000002270239
1001000000370239
0102000000370239
0000001201070249
0000010201170249
0000011200270249
0000002210270249
0000010301270249
0100001301270249
0001011301270249
0311002310470009
0032002301470019
0032012300470119
0132012300470029
0032002301470229
0132022301470029
1032012302470129
0132012312470129
0132022302471129
1132032301470129
0032012313471229
0032012313471139
1032012303472139
0132112303472139
1032022313472139
0132103313472139
1132001413472139
1032011423472139
0132012423472139
0032122403473139
1032013403473139
1152333401071009
0252030501170019
0012020503570129
0112002503570129
0122002503570129
0013102503570129
0013012503571129
1113032501570129
0123132501570129
1133035502270109
0024003600371019
1024004610170009
2024014600170009
0134014600170009
0234004610170009
1234004600171009
2234004601170009
0334004610270009
0044104601270009
0001000000000000
0000000010000101
0000000000110002
0000000000021002
0000001000001003
0000000101000013
0000100100010013
0000000100021013
0000000100120023
0111002200030000
1012000300030000
0001000000021014
0001000100021014
0010000200021014
0000000000131024
0000000001130124
0000000010230124
0000000001031134
0000000001130234
0000001000230234
0000010100230234
0000100200230234
1000001200230234
0001001201230234
1111022200330004
0022102300040004
0100000200031035
1001000200030135
1131010200030005
0231011200030005
0001000212330115
1001000201240025
0011000200041135
0002010200040235
0000000311040235
0000001300240235
0000001300240235
0213002400350010
0110002300340215
0002002310340215
1222003300140015
0123000400140115
0223002600010000
0233000610010000
0024000600021000
0000010400061022
0001001400060013
0121000400060003
0001100400060123
0001011400060123
0211002400160003
0003002400160103
0123011400060003
0123002410060003
1133001400060003
1024001400060003
1025001610030000
1125001600130000
1125002600130000
1135001601030000
0235001600131000
1235002601030000
1235002601130000
1235012601130000
1235012600230100
1235023601030000
1345010600130000
1345001601130000
1345012600030010
1345012601030001
1345022600030101
1345003600130002
1005004600331312
2345003600131002
2345003610130012
2345103610230002
2345013601231002
2345123600231002
2345123600230112
2345123600231022
2345223600331002
3345124600031002
3355221600030002
0146031600030002
0147031301020000
0147031301120000
1147032301020000
0247032300121000
0247032300120011
0247032301120002
0247032301131000
1247032401110000
1247032400120001
1247032400120001
0017004402221311
0117000500230132
0217012500330002
0217012500040102
0007000501140322
0007000501240004
0127000510050000
1127100600000000
0227011600000000
1037002600000000
1137002600000000
0237012600000000
0001000002370126
1000000102370126
0001100102370126
0000001202371126
0000011202370226
0000012202370036
0000011302370036
0010002302370036
0001002312370036
0001000301271246
0001000301271246
1121024300070106
1001010302271146
0002001301370246
0112023300470106
0002011312370146
0012002312370146
1212012301370046
0012102300371346
2312002300371046
2312002310370146
0012012323371146
0012112302470246
0012001301271356
0002012301271356
0102000302371356
0012010302371356
0012011302371356
0112002302371356
1112022313370056
0103003311470056
0010003400471256
0001003401471256
1131024400570106
0001113402471156
0101023402470256
0002123402470256
0102003402471356
0012003412471356
2212033400470156
0312014400470156
0002101403070266
0002001403171266
0102001403170127
0000010203241128
0010001203240228
0001011203240038
0111032201340008
0012010401340008
0000000210150238
0000000200251238
0000000200251238
0000000200251238
1222003500180000
0100002200351218
0001001300351218
1211003301150008
0013000410250008
1013002401050008
0123002400150008
0133001400050018
0114001400050018
0000001500150128
1000000000260128
0001100000260128
0101000100260128
0000001200060238
0000001200060238
0010000200160238
0011000200160238
0002000201160238
1000000301160238
0011000300260238
1002000300260238
1222003300060018
0123000410060018
1123001410060008
0223001400160108
0033101400160018
0004002400160118
0001000500060138
0131000500160008
0001001500360118
0001001501360028
0111103500260008
0012113500260008
1112003501260008
0103003501260108
0013003501261018
1113013500260018
0123013500260118
0223013500261018
1033013500260028
0014013510260028
1114003501360008
0124003501361008
1224004500061008
0134004500060118
1234004500160008
0004003510461218
2234004500161008
0334004500160118
0044104500160028
0005114500160028
1147001800210000
0247001800211000
0247101800210001
1247001800220001
0017004800121221
0017004800121131
1117004800121031
0127104800120131
1227104800120031
0137114800120031
1237004800120131
1237114800120031
2237014801120031
0337014800220131
0047014810030131
1257003800030101
1257013800030101
1257023800031001
2357003800130001
2357003800130001
1007005800332311
1357203801130001
1357023800230101
0007035812331121
2357023801231001
2357023811230002
0107035822331122
2157133802230112
2157014800330122
2257114800330022
0357024801040003
0357024800141003
0357124800140013
1357024801240003
1357024801240003
1357024801240003
1007035802441123
2357024801241003
2357024811240013
0157034822241113
0157034812340123
0157034812341123
0157034812341223
2157134803340023
2157144810340023
2157115801340023
2267113800240103
0367023801240013
1067033802240113
0167014800340023
0267004810340023
0167004800341223
0167004801340104
0267014800350010
0267014800350010
0060004702381115
0106004702380125
0006014702381125
0006014712380225
0016014712380035
1116024700480015
1116025700180105
0126025700180115
0126025701280105
1126025702280005
0226025700381005
0136025700380015
0036005711380215
1136025710380015
0236025701381015
1336115700380015
0146025710380015
1146025710380015
1246025701380015
1346115700380015
1346025710380015
1346025701381015
1346025701380125
1346025702380125
1446105701380025
2446015701380025
0256015701381025
1266023700280015
1127023700280015
1129123500200010
2129023500200011
2129023500210011
2129023500221010
2129023500031002
2129023510030012
0109002521331212
0019002512141212
0009000501142332
0009100500240242
1229004500140002
0019002500441212
0019002510051212
2219002600120100
0319102600120001
0009001610221311
0109001600130132
0019000600230232
0219002601330002
1219002600140002
0109001600241212
1119022600141002
0129103600140012
0019002600341122
0119002600340023
0019002601340123
0019012600340223
0019112600340033
1119102600440003
0129012600050013
0239001600050103
0009010602350113
0009001602351023
0009011600351223
0009102600350104
0009010600251134
0009001601250234
0009001601250234
0119022600351004
0109001601251234
0019011601251234
1009002602251234
0009100600352334
1009001600350205
0019101600350025
1029003600260100
1129003700210000
1129003700210000
0229003700210100
0039003701210001
0149002700021000
0149002710020001
1009000700421121
2149102700020001
2149012701020001
2149012701120001
1009004701222211
0019004700130123
0119004710140020
1029004700240002
0109002700441022
0019002700150013
0009000700150133
1009000700150014
0009001700051024
0109001700050124
0109000700150224
0019100700150034
0019011700150034
0009011700250134
0109001700250234
1019001700250234
0009002701251234
1009000701351234
0009000701152244
0009000710250035
1029003710060000
0129003700160001
1009002700360111
0019002700360112
0019002700360122
0019002710360013
0019002701361013
0119002701360023
0019012700360223
0019012710360033
0119012701360004
0019001701260234
0019002701260234
0009001711060244
0009001700261025
0109000700161035
0119000700160135
0009000700261235
0009000700261235
1229103700060005
1009000700262235
0019100700260335
0119001700260045
0009102700260145
0009100700361145
0009001700361245
1219013700460005
0009101702361145
1009002702360245
0019002712360245
1319102700360045
1319012710360045
1019002703362145
0029102700462145
0009010710362155
0109001701360216
1319003700170000
1319003800101000
1319103800010001
2319003801020000
2319013800120000
0000001913382112
1319213800120100
1319213800120101
0019001813322211
0019001801421023
1129004801220003
0229004810130003
1229004801140000
0139004800241000
0139004800240101
0139004800240012
0039004801240112
0039004811240022
0039004802240103
0009003802441123
0019003800250223
0009000801150243
0119024810050003
0029024800150103
0029024800151013
0009102800451223
0009012801450104
0009000811250244
0009000802251025
1239010800060000
1239001800060001
0109000800361211
0019000800361013
0119000800360023
0009001800361123
0009011800360223
0009002801360033
0009012801360004
0009010800260234
0009101800260234
0009012800260234
0109000801360234
1009000802060244
0019100800260025
0009000810161035
0009001800260135
0119002810360005
0009101800261135
0109002800260235
0009000801361235
0009100801061245
0019001800161245
0019001800261245
0009002801261245
0009000811361245
0019000802361245
0109001800361345
1019001800361345
0019002800362345
2319102800360045
2319012800361045
0019102823361145
0119012802460245
0019001802260355
0019001800361036
1029014800070000
0129114800070000
1229004801070000
0139104800170000
1139004800170010
0239004810170001
0009003810471211
0019003801470013
0019003801470113
0019103801470023
0019103800471123
0019013800471223
0019013800471104
0009011800371244
1009002800370125
0009002801371125
0009102801370225
0009012801370135
0109000801270245
0019000811270245
0019001801271245
0109002801271245
0009000812371245
0009000812371245
0009000801372345
0009000801372345
2139034810070005
0009010821371345
0019001821371345
0109002821371345
1019002821371345
0029102821371345
0019103821371345
0009101821171355
0009110821271355
0009012821270136
0009010801372236
1009000802072246
0019000810270346
0009001810271346
0009011801271346
0009002811271346
0009010801372346
0009001811372346
0019001802372346
0109002802372346
0019102802372346
0119012802372346
0019022812372346
0119002813372346
0119002811372446
0029002802371256
0009003810371356
0009010800472356
0009001810472356
0019001801472356
0009002811472356
0009012802472356
2129024803571006
0109012822471356
0019112803471356
2119042800470156
0039142800470156
0039002814471156
0039012801570256
0009003802271266
0009003801370127
0249002800080010
0249002900110000
0000100000000000
0000000100010000
0000000000100002
1000000000010002
0001000100010002
0000010100000003
0000001200000003
0000000000120013
0000000000021023
1022000300000010
0013000300010001
0014000200000100
0000000100040112
0001000100040022
0010000000000000
0001000000000001
0002010000000000
0002000110000000
0002001100010000
0012000201000000
0113001000000000
0100000000000123
0001000001000123
1000000000010223
0101000000010033
0012000000010004
1012000100040000
0000000201011014
0100000200020024
0000000001030124
1000000000130124
0001000001130124
0100000100130224
0001000100131034
0100000200131034
0001010200130134
0211013200030004
0003013201030004
0233010200030004
0024001210030004
1000000000000000
0001000000010000
0100000000000002
0001000010000002
0001000000010102
0000000010020102
1000000000000000
0001000000001010
1000000000012000
1000000010002010
0100000020002010
0000000000013110
0000000000010132
0131000200001000
0131001200000001
0131001200010010
0131001200110001
0131102200020000
0001000000311123
0000000001321123
0100000000321223
0001000010320104
0000000110021134
0100000100120234
0001100100120234
0000001200121234
0000001000231234
0000100100231234
